100 6
200 7
300 8
400 8
500 8
600 9
700 9
800 9
900 9
1000 9
1100 10
1200 10
1300 10
1400 10
1500 10
1600 10
1700 10
1800 10
1900 10
2000 10
2100 11
2200 11
2300 11
2400 11
2500 11
2600 11
2700 11
2800 11
2900 11
3000 11
3100 11
3200 11
3300 11
3400 11
3500 11
3600 11
3700 11
3800 11
3900 11
4000 11
4100 12
4200 12
4300 12
4400 12
4500 12
4600 12
4700 12
4800 12
4900 12
5000 12
5100 12
5200 12
5300 12
5400 12
5500 12
5600 12
5700 12
5800 12
5900 12
6000 12
6100 12
6200 12
6300 12
6400 12
6500 12
6600 12
6700 12
6800 12
6900 12
7000 12
7100 12
7200 12
7300 12
7400 12
7500 12
7600 12
7700 12
7800 12
7900 12
8000 12
8100 12
8200 13
8300 13
8400 13
8500 13
8600 13
8700 13
8800 13
8900 13
9000 13
9100 13
9200 13
9300 13
9400 13
9500 13
9600 13
9700 13
9800 13
9900 13
