100 1 5050
200 1 20100
300 1 45150
400 1 80200
500 1 125250
600 1 180300
700 1 245350
800 1 320400
900 1 405450
1000 1 500500
1100 1 605550
1200 1 720600
1300 1 845650
1400 1 980700
1500 1 1125750
1600 1 1280800
1700 1 1445850
1800 1 1620900
1900 1 1805950
2000 1 2001000
2100 1 2206050
2200 1 2421100
2300 1 2646150
2400 1 2881200
2500 1 3126250
2600 1 3381300
2700 1 3646350
2800 1 3921400
2900 1 4206450
3000 1 4501500
3100 1 4806550
3200 1 5121600
3300 1 5446650
3400 1 5781700
3500 1 6126750
3600 1 6481800
3700 1 6846850
3800 1 7221900
3900 1 7606950
4000 1 8002000
4100 1 8407050
4200 1 8822100
4300 1 9247150
4400 1 9682200
4500 1 10127250
4600 1 10582300
4700 1 11047350
4800 1 11522400
4900 1 12007450
5000 1 12502500
5100 1 13007550
5200 1 13522600
5300 1 14047650
5400 1 14582700
5500 1 15127750
5600 1 15682800
5700 1 16247850
5800 1 16822900
5900 1 17407950
6000 1 18003000
6100 1 18608050
6200 1 19223100
6300 1 19848150
6400 1 20483200
6500 1 21128250
6600 1 21783300
6700 1 22448350
6800 1 23123400
6900 1 23808450
7000 1 24503500
7100 1 25208550
7200 1 25923600
7300 1 26648650
7400 1 27383700
7500 1 28128750
7600 1 28883800
7700 1 29648850
7800 1 30423900
7900 1 31208950
8000 1 32004000
8100 1 32809050
8200 1 33624100
8300 1 34449150
8400 1 35284200
8500 1 36129250
8600 1 36984300
8700 1 37849350
8800 1 38724400
8900 1 39609450
9000 1 40504500
9100 1 41409550
9200 1 42324600
9300 1 43249650
9400 1 44184700
9500 1 45129750
9600 1 46084800
9700 1 47049850
9800 1 48024900
9900 1 49009950
